Solution: [0.537375738, 0.130432036, 0.505700686, 1.206653038, 2.223412022, 2.072389494, 11.334036568, 0.650297104, 2.743177248, 0.740119232, 
0.815715034, 0.889239598, 0.051560234, 1.086059143, 1.301936547, 2.285287460, 2.305729025, 24.177978884, 0.983453612, 1.161980348, 
1.305609181, 0.988817500, 0.762223987, 5.614409938, 83.696202532, 6.842243437, 1.664957659, 0.680049687, 0.408875471, 3.017760527, 
3.757575758, 1.471049010, 0.511127596, 2.633655869, 0.951318332, 2.298332672, 1.306825045, 1.709171027, 0.353846154, 7.991536631, 
2.660666505, 12.074787282, 0.773817538, 18.219439475, 1.038841875, 0.813996016, 0.410375130, 0.666470133, 1.527520250, 0.576162560, 
0.354507212, 4.242356056, 0.662692922, 0.390175890, 0.675700141, 7.820032573, 0.185272500, 0.458972845, 0.943884942, 1.585677749, 
0.751659256, 1.414424478, 28.232633279, 0.837875034, 8.680654119, 1.065490210, 20.322580645, 1.702501417, 2.059207754, 0.069352708, 
32.631751227, 1.583508113, 2.240023925, 2.178148196, 0.050156586, 2.378848728, 8.682146543, 5.839047275, 0.479711237, 4.070999249, 
2.214903761, 1.124689478, 0.666844937, 3.778207965, 2.732468725, 0.403105104, 1.270804369, 1.646654308, 0.436315924, 0.870669275, 
0.461091754, 1.184860045, 0.926445578, 0.143543605, 0.239617885, 0.393871939, 0.092923237, 0.728756105, 3.345706566, 3.644041769, 
2.004458452, 2.328507795, 0.671684462, 0.334307397, 1.175424648, 0.807808185, 2.989569752, 0.431050905, 1.346342963, 1.804472650, 
1.006380603, 14.326961107, 1.019943542, 0.717187500, 0.799018440, 0.187560105, 0.381759193, 2.920240783, 0.263093923, 1.558253404, 
1.996474657, 0.719532352, 0.601545113, 2.270803949, 0.008221549, 0.162467732, 1.440318302, 1.301621319, 9.065266317, 1.196656834, 
0.713971177, 0.474203852, 1.049837863, 2.088861689, 1.035745576, 2.371731815, 0.578719212, 0.577323352, 0.317551267, 2.740428441, 
0.938884073, 0.341060428, 9.590091743, 2.673347977, 0.173268161, 1.420466898, 5.716307874, 1.092599213, 0.989215287, 0.331217704, 
0.215883788, 1.052631579, 0.757323599, 4.864170792, 3.417492711, 0.304876736, 1.487886335, 0.029266439, 1.012642507, 5.122528112, 
0.318382094, 5.988535696, 0.145610005, 0.230704651, 1.491555208, 1.998225014, 0.714109965, 0.740983607, 4.727779326, 0.787981060, 
0.868123066, 0.825587157, 1.189670598, 0.977943413, 1.127116771, 0.407137424, 2.816091954, 1.102933686, 0.177265239, 7.509579640, 
0.229580574, 0.545156762, 0.115909456, 1.626379691, 1.219661773, 2.049671978, 0.751841017, 1.039702233, 0.063153007, 1.801283261, 
7.163955262, 1.479006772, 1.102842435, 28.253897550, 0.307820365, 0.311938383, 79.457875458, 1.217669654, 5.514779046, 1.324055844, 
0.225284255, 1.592882811, 0.568571429, 1.530858331, 1.506740555, 3.080876954, 1.514107270, 7.186903499, 0.727412646, 0.975897876, 
0.519637618, 5.072904010, 20.897471910, 0.506221650, 22.555634302, 0.194778677, 0.566171191, 5.958144552, 0.645249900, 2.938184883, 
0.912505584, 0.856750069, 1.583282276, 0.568693315, 0.108681580, 1.421386256, 0.490128965, 0.593691819, 1.176974031, 0.243710867, 
2.055989858, 0.132604816, 0.767554479, 1.060256861, 0.040533518, 9.009358289, 1.395061189, 2.132065738, 0.755358060, 0.447917389, 
1.051538882, 2.186387607, 1.226115153, 2.016143959, 2.437814580, 0.890607303, 0.822547955, 4.656236130, 0.279054100, 0.849778735, 
2.827366544, 0.263565891, 0.354077602, 0.941646320, 0.389750794, 1.940818675, 0.894417406, 1.163217768, 4.210951211, 0.612995885, 
1.477909483, 0.452194552, 0.908118081, 0.484848485, 0.543921751, 0.194938440, 1.381891286, 0.442871848, 0.959472746, 0.359276092, 
0.754672410, 7.385756677, 0.294235192, 11.768409426, 87.751633987, 0.272556587, 0.047686117, 5.204875039, 2.191096178, 4.150962513, 
0.859128065, 0.283029118, 1.023955752, 1.275896918, 0.756789766, 1.381112789, 2.902908558, 2.757531381, 0.227958697, 0.291372494, 
0.404185166, 0.405915231, 4.660664041, 1.152169493, 1.227465735, 1.066335740, 8.369665513, 1.405943596, 0.258518444, 0.892467414, 
1.045528802, 0.839069077, 0.665781035, 1.337663530, 0.912932450, 6.729752296, 2.505688414, 1.298638132, 0.599874444, 0.019006764, 
0.503454507, 2.374384236, 7.329946015, 0.368633932, 0.194906303, 0.128849231, 1.748285497, 1.733932098, 0.407409437, 0.095193277, 
0.230095344, 0.867207460, 1.080909629, 7.419761273, 0.457979130, 6.184065934, 1.153215110, 1.435736446, 2.598923016, 1.554473341, 
0.283710435, 0.530960376, 5.404171364, 0.590066648, 1.780769231, 0.830411515, 1.778237850, 1.041088018, 2.627574611, 0.752791220, 
0.991405291, 0.984079708, 0.733107588, 0.208618943, 3.327428805, 0.769724547, 0.811149985, 0.413932126, 0.827250500, 1.342213765, 
0.945989671, 1.022653516, 0.397141976, 0.384678833, 0.499006609, 0.515237603, 0.424992508, 1.401405214, 0.917400632, 259.592592593, 
3.007042254, 8.156417910, 11.591480447, 0.284431443, 1.007197351, 0.414943887, 1.187657431, 0.885261386, 0.504742547, 1.216798650, 
0.486857950, 0.125587915, 2.052959715, 1.226105563, 31.820132013, 10.398320896, 2.381452318, 1.746063992, 1.139878088, 5.019791931, 
10.997931034, 1.037680949, 0.940122600, 0.749587249, 0.418119251, 1.223381752, 2.714341160, 2.107057973, 4.352274838, 0.731295578, 
0.471323151, 0.287457170, 0.391015501, 2.410444540, 3.998094784, 12.526159921, 0.289209189, 0.819228406, 0.069140788, 0.255561413, 
0.422316986, 0.895614480, 1.260625270, 0.901549681, 0.698582586, 4.416792055, 0.327392956, 0.403831515, 0.236798643, 1.849297821, 
0.384000000, 0.342172163, 0.339215015, 0.951135366, 1.249569365, 27.124567474, 1.390271095, 3.035449886, 0.511950904, 10.854974705, 
3.347765363, 0.358468973, 0.712252964, 1.453376206, 0.227912621, 0.455448997, 0.113510747, 2.353896104, 1.079887431, 1.518518519, 
0.533711877, 0.414190943, 1.183384638, 0.933591813, 0.602984070, 3.908627717, 0.047683144, 2.759693878, 2.101913068, 1515.562500000, 
1.138111206, 0.681909436, 0.615466008, 3.447269303, 2.025421918, 1.113533152, 0.533051904, 1.433609959, 1.593580731, 1.628240809, 
5.406630582, 0.433877296, 0.383144764, 1.140896676, 1.913326111, 0.058901461, 0.001939363, 2.119822250, 1.267846431, 3.078820824, 
1.699912562, 1.357135571, 0.770830125, 0.781174165, 0.408486729, 0.391930999, 0.759680542, 0.065328664, 0.486091119, 1.271920387, 
1.006746083, 0.831337325, 1.382627478, 2.724831021, 0.668363771, 1.065801253, 0.371669356, 0.785020684, 1.726969331, 0.843958526, 
0.230126410, 2.452510917, 0.046462583, 1.075939086, 1.314384777, 0.041784303, 10.988625592, 2.152800309, 3.648751968, 43.592024540, 
0.220961965, 1.571845929, 0.076681386, 0.508370403, 2.789347143, 3.120031955, 3.597537168, 1.004787916, 0.329337979, 0.191448628, 
3.085872878, 0.865759373, 0.160031520, 0.424072266, 1.081620669, 1.158464938, 0.500288124, 6.209140874, 0.879227241, 0.973455178, 
0.238861068, 0.717052136, 0.822337786, 0.481442782, 0.694591325, 0.940081609, 1.150668357, 1.049529389, 0.894390952, 4.225575547, 
0.942341727, 0.161959795, 1.504271398, 3.248310210, 1.025837470, 0.876342677, 0.592734649, 6.844838922, 1.360164698, 0.835722405, 
0.852985557, 0.979210515, 2.231863586, 2.221886285, 1.379305562, 0.347091657, 0.126263249, 0.617080195, 3.908190941, 0.981266071, 
21.479052823, 2.669476373, 0.930592380, 1.030409444, 0.038938053, 1.886733262, 3.516010871, 0.268242849, 0.674634184, 4.350600424, 
0.768653669, 1.222771275, 0.232516272, 3.035961272, 4.416259936, 3.437767161, 1.611854387, 5.574684171, 0.781588160, 1.869124608, 
15.308848080, 0.468483004, 0.661596166, 18.076350093, 0.717178640, 0.874584206, 2.668874916, 20.026123302, 0.072890684, 0.697403820, 
1.855843009, 0.713406777, 0.636216107, 0.821697685, 0.619367023, 1.626794530, 1.965542991, 0.862998020, 0.393114885, 0.039282566, 
0.667177235, 1.261283390, 0.391287267, 0.571917808, 1.749047309, 1.038975297, 0.902062819, 0.926625303, 1.129843772, 0.206017757, 
1.532679010, 75.360465116, 0.948677007, 0.324997990, 0.892806195, 1.145932070, 0.285287280, 0.261565217, 0.015696920, 3.946901252, 
2.678867925, 0.120574544, 1.729373650, 0.611787030, 1.893651952, 0.086995840, 0.095894063, 2.411764706, 1.277384771, 0.095607235, 
0.030619644, 1.053024056, 2.405296610, 0.258100279, 6.807582032, 0.726275172, 0.513770678, 0.392412611, 0.436062410, 0.445749567, 
2.366807285, 1.510649684, 1.213406819, 3.256009157, 1.070252158, 3.664677359, 1.414565595, 0.169130504, 13.295292439, 0.386291074, 
2.453007729, 0.741140452, 1.578924915, 5.975398936, 2.229382151, 0.351201636, 0.645337363, 1.932553712, 0.917449294, 1.147211687, 
0.111961250, 2.625956284, 1.188195038, 2.635755479, 0.464148973, 0.402917836, 1.003503967, 1.249865019, 1.437121351, 3.085065558, 
2.977828497, 1.129394839, 57.388297872, 1.922784275, 0.940512430, 1.490951235, 1.032067176, 0.104361681, 0.347015652, 0.334661973, 
1.082934739, 0.604254202, 4.984672897, 1.043569401, 0.482888338, 1.487106258, 19.013542409, 1.817676614, 0.415557076, 139.587719298, 
0.112761443, 1.628479657, 12.552178318, 0.855500759, 0.941636451, 1.211208151, 0.985822654, 0.876865539, 4.490508732, 0.284631912, 
0.631868407, 0.691702804, 0.983708115, 0.761007521, 0.536516854, 1.596689544, 0.548568783, 0.363583519, 8.760441527, 0.548258138, 
0.281638134, 4.893762331, 0.281878530, 12.253417969, 1.352743902, 2.034159326, 0.819364888, 0.473996900, 1.053698075, 5.410083728, 
3.828775268, 1.755508362, 2.424574493, 4.154294479, 1.347116431, 1.760031960, 0.913401254, 0.689627436, 4.417351598, 2.032473310, 
4.177812924, 2.454916638, 0.799933013, 1880.461538462, 0.731279431, 3.142292490, 0.196364363, 0.613459058, 1.327463421, 0.707670810, 
1.019680279, 0.964118752, 0.594400479, 1.699399760, 1.005398337, 6.848225214, 0.905393091, 0.017005832, 2.978495651, 0.177434370, 
0.408469171, 0.804787607, 1.083305228, 0.513208650, 1.168348380, 24.308243728, 5.006090134, 2.423062324, 0.171341152, 1.100196584, 
0.796203425, 0.514589880, 0.629446345, 0.561315448, 0.035232482, 0.019813306, 3.336840861, 0.770579787, 15.105806452, 1.877195734, 
0.420510722, 2.941217635, 7.110475695, 0.872619735, 0.857118529, 0.801879179, 0.849803862, 0.634938586, 0.489916518, 1.998646576, 
0.905160449, 0.638035745, 2.224770108, 3.664395230, 0.185636808, 0.266056400, 1.354761023, 0.228952125, 0.148289392, 2.254899399, 
0.185292281, 2.721889055, 0.004423065, 2.169792695, 0.758833030, 1.528101544, 0.225875143, 0.507707716, 1.009627653, 0.619483455, 
0.356432925, 1.974387870, 0.760319850, 0.467614233, 0.620252053, 0.392168555, 0.511072647, 0.052837573, 1.229000221, 0.128787121, 
2.180684932, 1.489018222, 165.354430380, 0.346409239, 1.627651572, 1.068298914, 1.217017551, 1.262058955, 0.173949334, 2.311450536, 
0.836196810, 0.105429474, 3.869266055, 0.070638188, 0.572645594, 0.118019042, 1.086002006, 20.262755102, 2.946663020, 18.419047619, 
1.138654504, 6.270915354, 0.570164928, 0.680504295, 5.255713560, 0.774386407, 5.972222222, 21.353948620, 1.597865156, 61.406698565, 
0.924918351, 0.517261126, 1.311244516, 1.666752604, 0.610022183, 0.521302839, 0.981961454, 0.626108057, 0.165298303, 0.859888498, 
3.710175305, 12.358572672, 0.846110898, 0.948290558, 0.716944698, 3.802849209, 2.198076793, 0.350889976, 1.036589323, 0.195631559, 
0.640606500, 3.655393916, 0.007040663, 0.772176133, 2.530089153, 0.878761025, 0.136358473, 0.529020461, 1.880692961, 2.932374233, 
2.156666946, 4.949835669, 14.441819256, 0.512919463, 4.656137012, 0.701879780, 0.972929571, 0.651099258, 0.549391321, 0.363006776, 
4.008932369, 0.970278436, 0.966068250, 1.622195178, 0.954098361, 2.188141125, 2.628748707, 0.373196573, 0.729035489, 0.034897296, 
0.464557859, 0.974970116, 11.629213483, 0.226576208, 2.692157712, 0.717235189, 0.229125062, 33.824191280, 1.878010814, 0.036851089, 
1.156047092, 0.963386416, 0.321366732, 0.467454694, 0.752958119, 2.876472978, 1.086778873, 0.175270964, 0.548782908, 0.102136820, 
0.393233405, 0.879501941, 0.136225421, 1.444786154, 2.024349609, 0.414485284, 10.585427136, 0.297236986, 0.046935395, 10.736842105, 
1.492034065, 0.553631164, 0.436017624, 0.745743928, 1.414976825, 1.105212043, 0.133570632, 1.376319350, 1.133831986, 0.514000542, 
1.085048478, 0.231424448, 0.809856782, 1.581877335, 0.241396813, 11.069206843, 1.069362775, 0.872883535, 0.542452670, 1.318527230, 
1.960522381, 7.700000000, 0.150899613, 0.526392656, 16.766401590, 1.860810811, 0.519952041, 0.022752516, 0.100565545, 1.376277210, 
3.178838099, 0.998805583, 0.761145761, 0.117321704, 1.536644236, 2.731264546, 0.874962179, 0.802332362, 0.020119225, 0.342336975, 
1.102033592, 0.535055351, 1.733272982, 0.335271996, 1.139277579, 2.269635805, 3.662717770, 1.126457055, 1.039340740, 0.429453039, 
0.555229372, 1.123800236, 29.827586207, 0.339135892, 1.771407837, 3.160909997, 1.485171322, 1.912038490, 0.440187793, 0.482362559, 
0.451832064, 12.050916497, 1.057220107, 0.435746743, 0.716191329, 13.591256831, 1.756170718, 1.678272251, 0.950592408, 1.099860172, 
0.904885532, 36.075601375, 1.835185185, 1.688111546, 1.682003555, 1.492591537, 1.960056486, 1.064797738, 4.162979558, 0.013929785, 
6.993992705, 2.605260918, 0.515007266, 1.309315866, 0.068717257, 0.899576240, 0.962727455, 1.545589432, 3.371293001, 0.683187258, 
3.647048332, 0.328756888, 1.142428286, 0.769303809, 0.744288849, 0.209448679, 0.213031091, 2.039179534, 0.108842138, 0.340164255, 
0.643208359, 0.125019819, 0.120528481, 1.166853125, 2.125336754, 2.430291380, 0.133273534, 0.461276046, 0.565287032, 0.078604521, 
2.705119132, 0.676392224, 5.846963847, 1.444771242, 0.334657702, 0.136939534, 1.183729698, 0.975123396, 10.657357680, 1.184391290, 
0.560237432, 0.626758181, 4.010314112, 0.457132047, 2.401069519, 1.717397454, 1.173610356, 2.252867502, 1.140320782, 0.440510237, 
0.317704757, 0.295250181, 3.076841171, 2.037544078, 0.507299814, 14.416040100, 0.815840559, 0.834793222, 3.342599693, 0.523258333, 
0.876902307, 0.055357420, 0.344552917, 0.415926006, 1.114808738, 0.279694401, 1.477879213, 0.791441789, 0.896782606, 4.563094681, 
6.790742734, 0.888380215, 0.077193502, 0.830462208, 0.914842465, 1.829487405, 0.812439324, 0.640253338, 25.156794425, 0.032311062, 
1.179527559, 0.233043478, 0.610749339, 0.868297550, 1.601445534, 6.961625282, 1.498749750, 0.586393053, 0.118737779, 0.135668476, 
0.400191076, 1.636047372, 0.806681803, 1.040375437, 0.938097085, 0.261739372, 1.013668176, 0.156024798, 0.202803390, 0.120458569, 
0.660304999, 1.163071895, 2.658745510, 1.262944692, 0.888057881, 9.692171449, 1.188497970, 0.043643400, 1.013691955, 0.097755155, 
1.684905342, 9.411897590, 1.491398359, 1.218489086, 2.618804348, 4.801583605, 10.548133595, 0.655306189, 0.347840354, 0.980172825, 
0.658039001, 0.120467949, 0.755122826, 0.183820445, 1.282216755, 3.085513184, 0.749329061, 0.003142809, 12.796881584, 1.865577342, 
0.667045025, 2.503886448, 6.980704698, 2.555697098, 2.526521061, 1.100630583, 0.296393557, 8.673588342, 0.787713210, 2.038397329, 
0.240367885, 4.247182569, 2.466751047, 1.020371252, 0.487549895, 2.340007970, 1.219479504, 1.292043830, 1.023836679, 1.241858005, 
4.067366579, 0.951906744, 0.459314404, 0.451228673, 3.624876882, 3.105347349, 5.385798203, 0.804644990, 3.137967914, 1.577369439, 
1.115112517, 18.688524590, 5.139001063, 0.179491110, 1.072683629, 4.987708368, 0.216511333, 0.676008568, 0.871703793, 8.179100307, 
0.557449886, 2.050478469, 0.100079001, 1.150656566, 0.126829997, 0.597840327, 0.289183047, 0.407096701, 20.024032043, 1.075574770, 
31.451086957, 0.681211042, 5.332554683, 0.361795075, 0.865912424, 2.151615970, 5.019424637, 0.606521739, 1.757060750, 29.867281106, 
0.819455041, 2.229460379, 2.851183564, 424.565789474, 2.026143791, 1.008626814, 0.380725814, 3.823171474, 1.218934654, 1.446221421, 
1.093453679, 0.934229746, 38.016348774, 0.617198209, 0.788737624, 1.140532349, 0.900023579, 0.491393706, 10.421291625, 0.739734941, 
4.841104407, 10.019849418, 0.963896324, 0.949619978, 0.364846786, 0.879005525, 1.146597243, 18.961139896, 0.165436595, 0.860987310, 
0.036498546, 33.080415045, 2.124685618, 1.170931317, 0.224451314, 0.713379164, 1.196595745, 1.425646858, 2.559096082, 5.457369323, 
0.442408951, 4.176809737, 1.546782897, 0.932341514, 0.811094542, 2.389638790, 5.753689389, 1.121196513, 4.757485964, 1.512103385, 
0.082106938, 0.962032975, 5.230173200, 2.872285468, 0.466853646, 2.135884580, 0.526150307, 3.576792292, 0.381124072, 1.355285003, 
1.870040253, 0.204083137, 0.853397341, 0.703328693, 1.558742416, 0.005045109, 1.101723851, 0.580673288, 0.191750156, 11.209902371, 
0.342222561, 0.165868867, 1.596029348, 2.362223757, 1.099887995, 1.441816161, 1.536342066, 0.958024351, 2.101148607, 0.870529841, 
1.720031546, 0.130331047, 0.293985296, 17.766247379, 0.562489700, 1.936895298, 0.275684932, 0.916897873, 2.206493652, 0.123402639, 
0.126709151, 3.115859581, 0.085131957, 75.142045455, 1.228260870, 0.537990800, 0.748358957, 0.035054689, 1.893527384, 0.528202625, 
3.113145540, 0.008843824, 2.452780888, 0.908290604, 0.316863276, 2.229246231, 6.991636798, 0.680061439, 0.913918112, 3.308009229, 
0.839993290, 3.251920498, 10.743902439, 0.345400481, 0.163829515, 0.812087530, 0.506593569, 10.785334750, 4.417262232, 1.633538732, 
0.960271804, 7.301294498, 0.246737204, 0.520300752, 1.376943005, 1.531037178, 0.657194995, 3.031623331, 0.211564235, 1.098630240, 
1.739551254, 0.331721303, 0.397972822, 0.163743770, 0.461493939, 0.041300756, 2.928511915, 0.169651525, 0.461371463, 0.365615959, 
0.088841226, 0.251238570, 1.077893086, 0.637683647, 0.536818419, 0.600094484, 0.947173436, 0.519079546, 0.853296023, 0.689656266, 
0.584786929, 0.802540201, 3.261897258, 0.703182402, 0.729778581, 0.132137685, 0.087186447, 1.627944225, 2.607812500, 0.815225843, 
0.539530459, 0.714080975, 1.289805877, 0.329178512, 0.305105964, 1.287163876, 0.357925527, 0.032141709, 0.948656868, 0.298854732, 
3.099004157, 2.105242216, 4.514763104, 0.337308878, 0.293065533, 1.469037814, 0.977476653, 0.690629012, 0.580501618, 1.338007281, 
0.815646153, 2.133725029, 0.619588434, 0.845340546, 0.741357456, 0.895498959, 0.640757227, 0.698931624, 0.889723320, 1.152188316, 
9.001705030, 0.432206911, 3.321178121, 0.226245643, 63.336188437, 0.392666252, 0.771139706, 0.681167109, 0.175325816, 0.275527818, 
0.262396409, 0.180344912, 2.747661730, 0.410091611, 1.532758966, 1.485246889, 0.602466091, 0.574091425, 13.152747253, 0.648635880, 
0.559676853, 2.412742838, 0.193027421, 0.170727160, 0.762870515, 0.818767908, 1.345222546, 2.167078049, 1.376407481, 0.473424191, 
0.511897423, 3.298497714, 1.245207890, 1.249715370, 41.585074627, 0.443519352, 1.380688858, 0.430691600, 0.956401412, 0.109093182, 
9.348688873, 3.887719298, 0.020000000, 0.021649744, 1.043623538, 1.577806021, 0.801343322, 0.482218204, 0.181830946, 0.090893979, 
0.438043341, 0.420493118, 1.395554305, 2.334762634, 1.567576434, 6.047639577, 0.563668280, 0.078620586, 1.355888884, 0.369329435, 
0.763960905, 3.746800000, 2.471815107, 0.411868261, 6.318377912, 0.463424871, 1.825739260, 1.557075128, 0.612302711, 1.159039245, 
1.164248404, 1.041890300, 0.252543941, 0.287317679, 4.061298077, 2.285395335, 0.322343714, 2.417388873, 0.108514703, 6.733532296, 
0.202930190, 2.535440613, 0.790290125, 0.032854650, 0.030428825, 0.491895632, 0.435878565, 0.443646678, 1.028275688, 0.999361838, 
0.132775007, 0.913078201, 0.621387959, 0.392433400, 1.395284974, 1.086309104, 5.348336919, 80.352238806, 0.307247283, 2.982802076, 
0.760719672, 0.740678909, 0.000510886, 1.813292030, 8.235372340, 0.572707564, 2.599866399, 1.972216643, 0.964941293, 1.989322719, 
0.983625432, 0.521765746, 0.843897505, 1.228786677, 1.266630464, 0.671198423, 17.343313373, 2.620600858, 1.461196609, 0.799843526, 
3.752391073, 3.261892150, 0.662636390, 0.505530427, 0.762682776, 3.257147345, 0.875387025, 0.811551593, 2.358356268, 0.833533192, 
1.067820684, 0.658275144, 0.592120685, 0.806862941, 0.778850047, 0.299450141, 8.645034965, 0.255620186, 1.479319606, 0.073337999, 
0.484726176, 19.985842027, 5.350570853, 8.059673367, 0.745967895, 1.071106897, 2.410055501, 1.112942562, 0.006026718, 2.983303044, 
2.690540406, 1.347758367, 0.969717912, 8.399820305, 0.062390067, 1.186399759, 0.939713408, 0.365401305, 0.377506576, 0.758388612, 
0.277594161, 5.294647684, 0.573899371, 2.088346003, 1.653271832, 0.144644222, 1.755339677, 0.042883847, 0.435416667, 0.477007352, 
0.030306411, 1.268220947, 1.483710585, 0.647039549, 0.673163284, 1.009221941, 0.958930677, 2.564794441, 0.707681885, 1.491230333, 
0.205370824, 1.160921392, 24.089242054, 16.833787466, 0.502172126, 1.390444811, 0.049357496, 14.202127660, 16.790684932, 0.979722899, 
0.120992161, 24.627737226, 1.658353595, 0.138595588, 0.527265774, 4.309167514, 1.583907732, 1.363200327, 0.205755223, 2.446167953, 
0.248762737, 8.644235527, 0.469581334, 0.402453635, 1.362751678, 1.461876833, 1.358348843, 1.247285792, 0.196283465, 0.616293746, 
3.763492063, 1.547594413, 2.538474548, 6.673360656, 2.530333715, 0.930714876, 0.645796292, 5.619819258, 14.357632933, 0.659982987, 
0.509886767, 3.941855938, 0.335743520, 0.012881595, 0.258958819, 0.178812416, 0.179438059, 1.159364449, 1.253649816, 1.636812847, 
0.850773994, 1.960644562, 1.611240762, 1.775255562, 0.246483826, 0.723072120, 0.709998631, 0.846653101, 0.674460370, 7.461560284, 
0.638265306, 45.088305489, 0.581322234, 6.310431154, 0.917714902, 0.938433140, 1.301422975, 0.478624858, 0.040500047, 0.165379665, 
0.171489390, 0.028999649, 0.240571357, 0.474577413, 0.720893945, 2.555413810, 1.887711553, 2.263830517, 1.646616541, 0.731922082, 
368.718309859, 5.816185542, 0.704504565, 1.173059634, 0.606965174, 2.325219743, 3.089267286, 0.489770699, 0.438770899, 2.898437500, 
1.338346877, 0.267790615, 0.605593588, 2.073160873, 0.245611500, 1.754924588, 1.124432199, 0.290189917, 0.566665202, 0.094621702, 
1.585448246, 0.585680649, 1.203385601, 0.874180552, 0.283742715, 4.037738215, 1.552671354, 0.774993704, 1.303217671, 0.991263662, 
1.195553767, 2.453087410, 0.845569970, 0.740202871, 2.134657837, 1.460945274, 0.386749424, 2.661362785, 1.140880441, 0.273541045, 
0.592979211, 3.496846956, 1.389405053, 1.423824068, 0.336383936, 0.808949139, 8.878661088, 0.913490364, 0.526511975, 1.077862730, 
0.499543189, 1.554949252, 1.443146761, 7.093937375, 1.494419933, 0.638511151, 12.827663384, 0.676280903, 25.943589744, 35.420408163, 
1.994264932, 0.554834268, 1.026618978, 27.934397163, 0.593770627, 1.897763578, 2.056093730, 0.892694905, 0.967195456, 0.249804757, 
5.802049030, 1.552047306, 0.088377724, 0.846580463, 0.414746544, 0.955221949, 1.538900785, 2.373202614, 0.772714228, 6.454479243, 
116.015625000, 0.521580717, 0.886234818, 168.890756302, 1.046671150, 0.189674629, 1.033804392, 2.151592357, 4.373271889, 0.454318937, 
3.483559254, 0.753258118, 1.304882935, 2.349125874, 0.041239722, 3.391529624, 0.055956320, 2.535100085, 1.716553112, 0.901872755, 
1.258680216, 0.307482914, 0.604958678, 0.045056479, 0.577462932, 1.024780813, 0.583566108, 0.635740072, 0.880661610, 0.556052878, 
0.847694175, 0.964383083, 0.104579726, 0.740381865, 1.036316164, 0.445398010, 0.412987179, 1.280845921, 0.266271125, 0.328265120, 
2.723090278, 1.359616589, 2.435677690, 1.610132159, 0.600739089, 0.813838417, 1.441668566, 0.251438674, 0.267874938, 1.984111384, 
1.369235069, 1.690066093, 1.525788114, 1.506154960, 5.041290770, 1.036433172, 1.538678328, 0.937951886, 0.771277579, 0.129720753, 
1.764183780, 0.169869583, 0.165515270, 5.935019206, 0.528786851, 0.037048725, 0.271490799, 2.377746279, 27.197780020, 0.510863144, 
0.414061243, 1.659120921, 0.472411462, 1.719711119, 41.861591695, 2.807218310, 1.360616253, 1.847105956, 0.608979312, 0.527962933, 
0.317750584, 1.328219510, 0.988848400, 0.671554912, 0.187487691, 1.609448198, 1.521035029, 0.684100418, 1.551699205, 3.766190542, 
0.911168296, 1.242085863, 0.521003710, 0.842579233, 0.384797189, 0.255466277, 2.623590343, 0.054020986, 14.352219075, 0.034930140, 
1.098361560, 1.183061645, 0.026276323, 12.977722772, 25.436254980, 0.680146699, 0.756889237, 0.312027546, 0.396609299, 0.637320119, 
1.239308506, 0.965362617, 0.293394487, 16.683544304, 0.127831715, 0.840413851, 1.093369565, 4.163265306, 2.736083166, 0.664486403, 
0.498073218, 2.289663625, 0.846225575, 2.883518398, 0.262221669, 0.839637306, 3.960221230, 9.137076537, 1.004932083, 0.481817189, 
4.316101152, 0.190377671, 1.719788183, 1.460755463, 0.341003031, 1.674472356, 1.069443809, 2.021381407, 0.535497224, 0.133975062, 
0.966491020, 1.316603487, 0.669191919, 14.412363636, 0.088065725, 0.276361512, 0.404967439, 2.031183708, 1.588809405, 2.640290674, 
1.477383438, 1.260625828, 1.266767144, 0.298909835, 0.524983985, 2.368517287, 0.610176262, 0.491546326, 2.434999577, 0.129462161, 
1.014822175, 0.824756240, 0.413120190, 0.758803366, 0.523133303, 0.985038788, 0.460396269, 4.366359074, 0.291818880, 0.118942914, 
3.241998060, 0.504073574, 0.128091728, 0.565393628, 2.537658641, 0.915498104, 4.594963075, 0.040114824, 0.251511330, 0.805866344, 
0.312337781, 5.956258235, 11.417594655, 6.145060442, 0.698380867, 1.267719219, 0.563968185, 4.746106424, 0.367519956, 1.464389613, 
0.319261860, 0.602228728, 0.024281297, 0.345608169, 0.246436270, 0.677548001, 0.984927055, 1.032986111, 4.165831942, 0.981793312, 
0.862856132, 0.737383906, 0.656218118, 0.390149200, 0.914709750, 3.475198279, 2.248716125, 2.011380731, 3.339736802, 2.023173068, 
0.136500942, 0.641284280, 0.564160740, 1.002956766, 2.764248476, 0.049291293, 1.204793028, 1.180126088, 30.800279330, 0.091663735, 
0.748101557, 0.117257218, 0.393122677, 0.041495282, 2.977134588, 4.763648469, 0.927588579, 13.431388013, 1.195918134, 0.249951560, 
0.176051574, 0.567043896, 0.378825383, 1.191978479, 0.512862393, 2.709373450, 0.950687489, 0.374867887, 3.708914053, 0.213009384, 
1.305390539, 1.003818518, 8.840487239, 1.952667313, 0.427118644, 1.197316347, 5.266162435, 0.300153453, 1.935459862, 1.313021703, 
1.913960741, 0.744296972, 0.966123395, 0.362873071, 1.316119442, 0.022115303, 0.432473790, 0.763721186, 0.704130479, 1.006422472, 
0.996338133, 0.633626821, 3.588203018, 1.188548803, 1.713556638, 1.213391510, 0.029467050, 0.264319839, 0.043427359, 0.514351803, 
0.863789016, 2.087047250, 29.304393305, 0.156324346, 1.447383554, 1.054771375, 0.425324675, 4.317663818, 1.926146516, 0.201849799, 
40.407766990, 16.605809129, 5.041380702, 3.849631141, 0.456810467, 1.507283058, 0.209248739, 0.514993665, 2.860035092, 2.816300782, 
0.146837945, 0.691708009, 1.768309719, 0.906484552, 0.905037977, 0.300004714, 1.663174551, 0.538613065, 0.781591339, 3.561563293, 
2.861508951, 1.167352918, 0.943454545, 1.199922810, 0.984545975, 8.160241875, 1.483977452, 0.997397044, 0.233038348, 1.658402495, 
2.139491631, 27.108225108, 0.061078431, 0.783215111, 1.709796472, 0.935623426, 0.760028475, 0.794422437, 0.435558897, 0.810284507, 
4.718002586, 4.557293497, 3.707572745, 4.304800000, 1.117123617, 0.598680680, 11.989317995, 0.178640777, 0.087181987, 0.354375793, 
0.902120330, 0.061167228, 190.319727891, 56.559546314, 0.242987885, 2.745295699, 1.449871877, 1.781442184, 2.037651190, 1.884947620, 
2.427796869, 1.235742118, 0.477002354, 0.095165796, 0.071330679, 0.504745952, 0.055496102, 0.393647383, 0.782778509, 1.294316794, 
0.921003095, 2.026115794, 0.848531985, 0.104456894, 2.861753162, 0.074682827, 0.636903861, 0.105566325, 0.648732084, 1.270404640, 
2.522357198, 0.212920325, 0.289571695, 1.748390292, 0.186278872, 0.138815632, 0.225914962, 0.442758777, 0.942911986, 1.652940085, 
1.360885609, 0.986732602, 0.946914255, 1.751022913, 0.603531377, 0.024631785, 1.034653704, 0.933738093, 0.015571914, 1.813004004, 
0.628613622, 2.481270018, 0.921928666, 8.521439510, 3.356063876, 0.917223590, 1.298232566, 2.553374233, 1.216421241, 3.731156652, 
1.526455353, 0.935956153, 2.684556254, 1.520708919, 1.019261130, 2.898928498, 1.635911877, 0.989576230, 0.624889015, 0.819008264, 
3.722670376, 5.754363115, 0.233717720, 1.075481981, 2.235167361, 1.889758375, 0.824200913, 1.529411765, 1.048345712, 10.944083225, 
0.619007766, 0.389531536, 1.157603283, 0.407657882, 1.961954600, 248.692913386, 0.796307567, 0.743937924, 0.329674881, 0.015099697, 
173.511278195, 0.804965815, 1.158071407, 0.014465990, 0.706057243, 0.484486046, 1.163026151, 1.059186190, 0.163679338, 1.019971241, 
0.127224436, 0.470707742, 1.383400188, 0.991560557, 1.117503505, 1.499025900, 0.920934897, 0.529269603, 3.546478370, 0.360878162, 
0.266002710, 0.390036771, 0.895807978, 0.590316994, 0.519737815, 1.998529515, 0.079048998, 1.463528618, 0.026357302, 0.704149308, 
1.157493649, 0.357373520, 2.596800324, 0.450310439, 4.847588641, 0.119296949, 1.004008016, 0.950126220, 1.469731391, 11.053333333, 
2.534523528, 0.948460531, 0.378747901, 4.555019527, 0.691645610, 1.489875643, 1.523608238, 5.629218107, 0.997657613, 0.871524891, 
0.948200779, 0.263796754, 0.996544228, 0.799153152, 2.218475970, 0.354463835, 259.584158416, 3.858430164, 2.546395858, 0.800717293, 
0.605210768, 2.669547080, 0.139845397, 0.673891163, 1.207393237, 0.233674823, 0.778558726, 6.065039100, 0.909291435, 0.902207320, 
3.527760186, 0.662648482, 1.279279646, 1.107883197, 6.035878934, 0.485477458, 0.222573058, 1.178571429, 1.013911461, 0.265625000, 
1.736075656, 1.623514295, 3.752216749, 1.092827869, 0.724716483, 1.337219681, 0.519816662, 0.960991652, 0.785861001, 1.105339422, 
0.597404786, 1.503622702, 0.961688962, 1.744346851, 1.165747581, 3.921336654, 0.685128706, 0.234384587, 0.839899713, 2.946666667, 
1.475251980, 3.143451845, 0.878165158, 1.635664336, 0.917498970, 2.198832543, 0.731590332, 2.723343653, 1.029425307, 0.477370417, 
0.854024896, 1.316104524, 0.433558248, 0.633593750, 1.104518461, 0.155170859, 0.374936302, 7.856403176, 1.388786985, 1.540968123, 
3.630644343, 0.551416246, 64.936440678, 1.319970978, 2.956663241, 0.731616833, 0.491746475, 0.723579767, 0.974776751, 1.249422406, 
6.661945670, 5.487742191, 0.183468962, 0.700807184, 1.098076369, 0.528604577, 0.963236030, 0.217244208, 1.530158730, 0.250346141, 
4.886608345, 1.000697545, 2.378125000, 0.162148191, 0.598774594, 0.482514981, 1.217246442, 0.474171012, 1.732969035, 0.139767055, 
2.417862715, 0.151562644, 2.879154541, 0.177379095, 0.498388052, 0.428773010, 0.396072664, 0.890121481, 3.262139072, 3.855058483, 
0.271741397, 0.635885016, 5.118458418, 1.912783053, 0.987157661, 158.780346821, 2.254898911, 0.509993108, 1.197398705, 0.195073474, 
1.021211982, 0.733030741, 10.778308322, 0.987515284, 0.397700152, 1.568233994, 0.295252461, 1.249334562, 1.383839892, 0.273346555, 
2.025187753, 2.024867509, 1.342919676, 0.496058798, 0.067626560, 1.967869968, 2.779461279, 2.632673366, 2.283025267, 0.772210815, 
1.074829932, 5.966022151, 0.529898835, 1.575226946, 0.079639118, 0.529578588, 0.122520307, 2.330994417, 4.821605550, 1.042092575, 
0.431365314, 5.913261962, 4.409217877, 1.160542747, 3.281466513, 1.318960690, 3.075334608, 0.244979723, 0.404242332, 8.503529412, 
1.355533642, 0.230501186, 1.562578696, 0.015070659, 3.012585034, 0.225215008, 1.132626113, 1.818133896, 1.178829815, 1.164028650, 
0.075772201, 1.574620704, 1.701736890, 0.743223819, 0.722856577, 1.298938755, 1.013857043, 1.504326060, 0.731169261, 0.010647996, 
1.002985650, 0.801985540, 9.551306565, 3.785817656, 2.436123795, 0.135148434, 1.698959538, 1.701959504, 0.148294019, 1.046209904, 
0.828122240, 2.281499884, 1.028712461, 0.064553703, 1.325799706, 1.525549259, 2.844616377, 0.263591950, 1.073318266, 1.308559129, 
3.665591615, 0.710878677, 4.578584071, 4.344599072, 1.357833656, 0.299785408, 11.615733737, 2.681511769, 3.782063343, 1.353309832, 
1.143879394, 0.281805048, 0.471708141, 1.617354196, 1.308325561, 0.807493948, 62.226993865, 0.214230546, 0.527672761, 0.570110461, 
7.915945612, 0.339672131, 1.726258194, 1.270263846, 1.908716707, 1.748271417, 1.553129183, 2.220770444, 0.551882647, 18.254431103, 
0.801186565, 1.197745238, 3.698916033, 5.561182266, 0.859401420, 0.057521817, 1.779533484, 2.307768362, 0.939379884, 0.436035309, 
1.291366750, 2.901867302, 0.104733848, 0.396725491, 0.116819974, 0.409857136, 2.173716338, 3.232639701, 0.635219292, 0.093168683, 
0.289719626, 0.214733015, 0.495750708, 0.111531625, 0.360380907, 1.017725518, 0.115920186, 0.354176388, 2.994174346, 0.775994626, 
0.488861386, 0.459731213, 1.745397571, 0.380919220, 93.709897611, 6.452319029, 0.749169054, 3.835377753, 0.349671504, 1.069295422, 
4.550966896, 2.281640500, 0.576139241, 1.727487703, 1.116238503, 2.847399982, 1.879280822, 0.727884869, 1.239330228, 0.832814037, 
16.331060606, 0.827024741, 0.572469046, 0.528586022, 1.626293996, 1.050425095, 0.786020059, 0.142439024, 0.734976834, 2.953715365, 
2.141265597, 1.375559728, 0.222872682, 1.127217616, 0.429493697, 1.256974427, 5.138743455, 0.828164059, 2.253505637, 0.642375462, 
0.728438521, 0.319715584, 0.773673702, 1.079176419, 1.043158182, 0.839197476, 4.959462019, 1.611293169, 0.869789832, 0.970729129, 
0.140279327, 0.305441286, 0.005212524, 1.520180045, 5.875389408, 3.357044516, 0.380366029, 0.426404746, 1.384117071, 2.274614961, 
0.471387402, 0.908885492, 0.745999722, 0.895847025, 0.481656352, 0.917961602, 1.608058398, 0.739780299, 1.229488007, 1.826838863, 
3.946515892, 0.690529208, 0.357639015, 6.611197512, 0.209946293, 48.418096724, 1.605471008, 0.010409169, 1.360449117, 13.939299956, 
1.150948597, 0.359906542, 0.077596700, 0.826528476, 0.331611661, 4.654853129, 0.541582854, 0.700785438, 1.253593115, 0.398800432, 
0.862489943, 1.341637176, 0.736496295, 3.273159145, 75.994152047, 0.944144975, 1.888932266, 1.193437664, 1.034135083, 1.149299902, 
0.602342392, 0.482161809, 1.071036804, 0.519982556, 2.600466123, 0.993105610, 0.966415215, 5.054808171, 1.139648927, 1.344716754, 
0.264605995, 0.599744564, 10.417608286, 0.084829371, 1.178500398, 0.242573099, 1.010419790, 1.021805370, 0.822505946, 1.390479919, 
1.036510470, 2.203093018, 1.123121854, 6.134308058, 1.352097206, 0.311058924, 0.434008458, 0.777222302, 0.280819328, 1.145987094, 
0.947380181, 3.632018717, 0.086405217, 0.174511641, 0.470946770, 0.625998275, 0.756477648, 0.313531814, 3.559223301, 0.636928608, 
5.359926759, 1.111768747, 6.574403369, 10.664880462, 1.201409623, 0.509458619, 1.287561794, 1.568574821, 1.127012867, 1.114916542, 
1.166353833, 0.352740100, 1.256581941, 0.071677818, 0.123483066, 0.167810272, 3.292969831, 1.372623937, 0.856916503, 0.476896134, 
0.048119560, 0.144551123, 0.161451565, 6.250477490, 1.927197802, 0.923687255, 0.537382843, 1.083053592, 0.687268286, 1.362614625, 
1.770576671, 2.408280255, 0.655908333, 0.963291494, 31.737274220, 0.053826745, 0.126733412, 0.991884215, 1.800567423, 0.320167679, 
1.298354259, 0.415182587, 2.935101656, 0.483604252, 0.891324827, 0.783968782, 0.133526430, 1.493770314, 0.649489217, 0.936441512, 
15.321487151, 0.724249526, 0.558919239, 0.342572697, 0.116729628, 1.094266418, 0.328922870, 0.271253694, 6.372619048, 25.524559778, 
2.082015810, 1.091909526, 0.110659072, 0.463517236, 1.066190624, 4.162425150, 1.262098147, 0.703321130, 13.135836554, 1.008862186, 
1.454809308, 4.560013836, 1.251764231, 0.461705771, 0.095625772, 0.266834412, 0.703806356, 11.732779097, 0.697743227, 0.882925981, 
4.138400000, 0.126403326, 3.723750169, 24.121160410, 0.702241655, 1.304712042, 0.934125121, 2.030294451, 0.648540008, 0.528885481, 
24.404666130, 1.057179161, 0.358196276, 8.687983844, 0.049535807, 18.786496350, 0.667478595, 1.710398317, 0.333714685, 0.507560793, 
3.283354311, 29.008695652, 1.400496754, 5.945794795, 0.338912573, 1.086774942, 0.516345498, 0.632856977, 0.341132665, 0.863128250, 
1.448876502, 0.291429881, 1.759907979, 0.386101534, 11.935858803, 0.131482006, 4.621826449, 2.028163629, 8.105112279, 5.579737692, 
1.059014501, 0.149240465, 0.353521274, 1.331096360, 0.506604956, 0.485664639, 0.570418321, 1.355799241, 3.505914243, 0.735416404, 
0.223472300, 3.999705536, 0.433890578, 0.555515239, 0.316359318, 6.092367906, 1.981831574, 0.965907215, 0.299594757, 0.736448460, 
0.775781824, 0.584502068, 0.530639485, 0.991796037, 51.000000000, 0.910875045, 1.403893747, 0.910922726, 1.093582248, 0.348973103, 
0.269004911, 0.627163024, 2.021797370, 1.126335442, 17.214773433, 0.006468305, 1.287048910, 0.708665467, 4.705780246, 1.314860630, 
2.151276070, 1.030827928, 0.674955063, 0.534517808, 0.329237047, 0.577587667, 2.960266909, 3.830130359, 1.062122218, 1.835750222, 
0.780779882, 0.423329176, 1.005781236, 0.112071676, 0.547759891, 3.013978495, 272.072916667, 0.060749213, 0.908238711, 0.560528596, 
0.630252395, 0.808046940, 0.355310357, 1.407090821, 1.662543783, 4.500794224, 1.336733945, 0.100342501, 1.809809696, 4.823169800, 
1.655454545, 0.036166793, 0.964167281, 0.436418384, 1.168517473, 0.845291209, 0.863479924, 0.258992806, 1.615749901, 0.600410692, 
1.755330227, 0.647997640, 0.090441621, 0.016809849, 0.796626000, 0.281827385, 1.131001046, 1.959474532, 2.031462861, 0.143452338, 
0.292446248, 2.118349620, 2.741893281, 0.679279157, 0.658559208, 1.369528776, 0.869179069, 3.807639324, 1.614997876, 7.359170654, 
2.134623268, 1.940209887, 3.173542266, 1.724280465, 12.847195358, 16.440944882, 1.050673760, 0.877173393, 1.353226218, 11.667879891, 
8.533673469, 5.486713287, 1.446780679, 0.712587841, 1.394614004, 1.205323038, 4.459016393, 4.566027689, 174.226562500, 0.156311163, 
0.384715945, 0.230982567, 0.670288449, 1.563219562, 5.679914454, 10.626225490, 0.801529593, 0.448614691, 0.092994008, 0.241201564, 
1.290921648, 0.841410915, 10.158940397, 0.654637625, 0.622891376, 0.678127004, 2.693804978, 69.620689655, 0.487156422, 0.926412184, 
0.842818712, 0.710362336, 1.271217094, 6.593238530, 1.069472427, 1.474548265, 0.901783435, 0.361284646, 0.909110859, 2.030174564, 
6.851289398, 3.605086597, 0.803745752, 1.548188344, 0.214223080, 1.474809772, 3.468385214, 1.667019667, 0.824172892, 6.846004440, 
0.726368939, 0.181583566, 1.385024916, 1.908471178, 4.995145631, 1.685348200, 0.838878505, 2.099160096, 1.577515569, 0.571493961, 
1.876246680, 0.624531881, 0.592340426, 1.700421426, 0.474363203, 0.238018208, 1.071148225, 2.109925558, 2.533714602, 0.830980818, 
0.201582819, 3.848137536, 1.603371397, 0.147778408, 2.653444676, 0.356076540, 5.015860039, 0.924555609, 1.717842324, 1.196287673, 
0.501509806, 1.110877271, 0.356628691, 0.144260169, 4.460691824, 0.962236984, 3.474019088, 0.042586643, 1.021288515, 1.850747247, 
4.928773073, 3.770055325, 0.038424836, 0.879776836, 0.656016008, 0.544474665, 0.986141581, 0.207131511, 0.398850085, 1.612642238, 
57.812260536, 0.634615385, 0.935366556, 2.214788732, 5.291011236, 0.087775704, 2.184406517, 2.489990125, 4.000000000, 0.068669324, 
0.525666891, 0.773757037, 0.142921406, 1.138796802, 2.114181439, 3.054462475, 42.098039216, 0.350381420, 0.104396661, 2.224992177, 
0.658547495, 0.515999777, 10.200998752, 1.609677129, 0.667210440, 0.003061671, 1.463584434, 1.178441180, 0.730150146, 2.601296853, 
0.934765354, 0.811117523, 1.207826174, 0.542024713, 1.055949519, 1.816927687, 1.615835453, 0.372581707, 1.296964106, 0.739124785, 
0.232495459, 0.081169456, 1.492719486, 4.920383218, 1.169532608, 1.331417980, 1.077684371, 0.009444258, 0.138491156, 1.471296366, 
1.241164241, 6.631600832, 2.238190286, 0.666314093, 0.777640343, 0.831764224, 0.228226186, 2.775581395, 1.819193721, 16.570170288, 
0.928566905, 0.560117119, 1.427985075, 2.569622659, 0.155260284, 0.211427901, 0.610806839, 1.658738565, 0.797633985, 1.408788774, 
3.122943723, 0.572081633, 1.088076146, 0.831040123, 0.832358965, 0.642850535, 0.439887946, 1.609751992, 0.079924452, 0.529853079, 
0.061407194, 0.027355925, 0.825141243, 1.443641292, 0.071294363, 1.171912291, 0.387646859, 11.830125523, 3.072309036, 0.360968452, 
0.633237700, 0.181889616, 3.433597621, 3.510478450, 3.226783311, 4.576430665, 0.378002589, 0.557840526, 1.458135217, 1.379820519, 
0.402965404, 0.533633417, 0.702539569, 3.241909644, 0.867002519, 1.388655462, 6.064799815, 0.854635094, 1.676349018, 0.770255272, 
1.570589695, 0.973926557, 1.003528355, 1.178709918, 0.880574506, 1.268996960, 1.315300546, 3.535648546, 1.977385378, 1.634286732, 
0.172057643, 2.320316362, 0.585537577, 2.040477636, 2.935430464, 1.336225288, 0.687180333, 2.421783400, 1.264047886, 1.701856366, 
3.326167646, 1.827612705, 1.314203982, 0.067748660, 3.703243616, 0.481293748, 0.821973665, 1.404035664, 1.987099958, 0.009611168, 
0.430548675, 100.494423792, 0.856194125, 0.980970790, 1.208469575, 1.391398996, 1.071984606, 0.974744779, 3.983293854, 0.489568474, 
0.839155240, 1.025765399, 0.221474132, 0.591993257, 2.501692047, 2.604768513, 0.969814658, 0.782361309, 0.536500678, 0.549904337, 
0.070150710, 23.885307346, 0.951926807, 1.397151542, 2.198508049, 0.477569480, 1.648469444, 0.400223797, 4.371949775, 3.696256039, 
0.193605981, 1.038264435, 2.124268460, 3.278898737, 1.282588011, 0.246233872, 0.257155838, 6.092827792, 1.550226244, 0.078084797, 
4.645331923, 0.650051493, 2.870486058, 6.561371841, 6.622902270, 0.291407575, 0.911714771, 0.205584254, 3.906817905, 0.698431423, 
1.401854714, 1.378267758, 0.504333050, 2.524981831, 0.372585388, 0.922874202, 2.743270440, 0.991694711, 6.618857902, 1.253586498, 
0.438597945, 0.428158735, 4.267057267, 5.539513678, 0.264830765, 2.011989485, 1.139514330, 1.257467111, 1.749507632, 1.148643842, 
1.707973020, 1.889413800, 4.692492204, 1.524765730, 0.366818693, 0.836273180, 0.177193259, 0.347307613, 0.065516573, 0.217333249, 
0.606982928, 0.269958848, 0.725626132, 0.017237617, 0.560342648, 0.845845916, 0.327236303, 0.221196177, 3.439949431, 1.117650322, 
1.027847349, 15.505010020, 1.105171815, 0.350408984, 5.466403162, 1.089784211, 1.185625920, 1.608445632, 0.879849487, 1.457195108, 
0.386132841, 4.063519741, 0.886756143, 1.892020202, 10.738775510, 0.062864201, 1.112441829, 2.093861527, 14.350939563, 1.516780846, 
0.221761072, 2.577754892, 1.722576639, 0.119146701, 0.262093014, 1.055540978, 0.561469138, 0.876407550, 0.517671047, 0.665536600, 
0.207640712, 1.117055085, 0.903963122, 1.989569752, 0.922217369, 2.918145957, 1.151561564, 3.638377272, 2.280927835, 0.673308639, 
7.811106766, 3.092885719, 0.223219456, 3.751178134, 3.778706199, 0.844311115, 0.756624271, 3.014084507, 0.162531106, 15.665601704, 
5.918597169, 0.122496507, 0.913916851, 0.144422397, 12.447441491, 1.446458178, 1.694923077, 1.326505513, 0.129709195, 1.590276110, 
3.458123770, 0.741848189, 1.808084772, 2.269626244, 0.816599232, 4.028927681, 1.188232564, 0.337636747, 4.741719390, 0.386645908, 
3.137062937, 24.714285714, 0.844931204, 0.012298002, 1.460003317, 0.858532867, 2.401226456, 0.831497525, 1.329146446, 0.015926565, 
0.480712651, 3.432148511, 0.279636982, 1.542954767, 3.172967265, 1.197011404, 0.815687242, 2.767194781, 1.104038828, 1.162539253, 
0.852087921, 0.624812843, 2.235564640, 0.052322738, 0.589670438, 0.587398374, 1.587805146, 72.901808786, 0.217727217, 1.222289254, 
0.506502254, 0.320364973, 6.228079613, 0.518440622, 0.543229139, 0.985257985, 3.562966120, 8.107033639, 2.577553594, 0.904867941, 
1.486430619, 0.167221298, 5.044876453, 0.434220066, 0.094167348, 1.394987147, 2.016875163, 1.079480233, 3.343658178, 1.125871114, 
3.655339806, 9.493001555, 0.787961783, 0.583972330, 2.717373990, 1.351544112, 0.675434373, 3.733498350, 79.894594595, 18.664674238, 
0.489486471, 1.396789599, 0.285577523, 9.371400683, 108.665137615, 0.694209724, 4.143283582, 0.701788898, 0.118103787, 0.770357809, 
0.570838856, 0.550006212, 0.331406094, 0.673288718, 4.140225787, 0.050032309, 0.364975160, 0.445346855, 1.294230575, 4.856062039, 
0.680075306, 2.036626386, 8.874034462, 1.244797860, 1.881815160, 3.200643915, 0.429454595, 0.985316017, 0.116404768, 1.237615176, 
0.302669166, 0.025814825, 2.989714820, 1.099273349, 0.768041735, 1.159754825, 1.561541831, 3.848279861, 0.953320728, 1.847965739, 
0.722764520, 3.509813365, 1.165978407, 0.719483712, 27.868131868, 0.943818925, 3.232803254, 13.183499289, 0.193191612, 0.443907272, 
1.138071263, 0.926952141, 0.847209230, 0.984063110, 3.594888332, 0.323810138, 0.487279071, 0.654150005, 0.662349023, 0.783186537, 
2.438278596, 0.326869376, 1.353113827, 2.464489796, 1.559633028, 0.871108684, 42.808853119, 3.842890579, 0.265531032, 0.153888216, 
0.035215090, 0.305843019, 14.408264463, 3.911677909, 1.020261204, 1.987434179, 1.317757009, 0.668742290, 0.949844042, 6.559880240, 
7.473274520, 0.900473210, 0.120160315, 2.021216247, 1.010565529, 0.156978654, 0.315160403, 0.468900226, 0.713039916, 2.683685177, 
1.159598979, 0.404406333, 0.472026018, 1.324923269, 1.768786475, 5.845065996, 1.339791073, 0.332364111, 0.283384497, 1.726617223, 
1.006526530, 1.496615344, 1.310339522, 0.700163699, 4.654450262, 0.200802042, 1.289467724, 0.421732523, 0.965470838, 1.139693356, 
1.216052776, 1.895816661, 0.733418507, 1.112507481, 3.987983979, 1.824325086, 3.437942344, 1.796952089, 0.216651665, 0.016419077, 
3.516063538, 8.236995686, 0.426445183, 1.042495840, 0.421516200, 2.730891260, 2.324659607, 8.434086629, 0.016114120, 1.754570384, 
0.050694737, 1.059933103, 2.969535008, 1.076303488, 1.513361792, 2.926213961, 0.315269738, 1.617041988, 0.050079229, 1.077822045, 
0.167828663, 13.321718377, 0.347994825, 1.159823095, 1.610952119, 0.837386570, 1.849503438, 3.674304419, 2.215695600, 1.433497900, 
0.658405494, 1.439251348, 0.483940504, 1.157846278, 35.971034483, 0.630155174, 0.668385561, 4.321765268, 0.144476604, 0.190362974, 
0.814955916, 1.734685791, 1.035440613, 0.080501720, 0.583738628, 0.165226023, 1.585495589, 6.667269439, 0.936874077, 0.120485250, 
0.200927831, 0.560041054, 3.996632187, 2.882433879, 4.288431062, 0.805945635, 6.626717557, 5.144079602, 5.035109523, 0.852535308, 
0.675972510, 0.069971275, 1.790688576, 0.450834519, 3.500255059, 1.081649372, 9.579328165, 0.283747277, 3.795814191, 0.634387216, 
0.072493354, 1.838137111, 0.049104927, 0.004311930, 0.556382703, 0.132437873, 1.236988417, 3.973807925, 0.216607005, 1.199721804, 
4.749717642, 0.194499179, 2.110473356, 3.745407204, 2.401625561, 0.689134188, 0.258833406, 1.489658738, 1.965520877, 1.907520691, 
0.398085126, 0.114245720, 2.513482951, 2.484255529, 11.662185856, 2.418672502, 0.045256182, 0.593758958, 0.473415645, 0.783187375, 
0.969795244, 0.495425137, 1.940482332, 0.282345727, 0.726145142, 0.684743284, 4.103416856, 0.216700267, 0.261814346, 0.556403013, 
2.431169200, 30.752475248, 0.425733170, 2.012687970, 0.717124958, 0.690601320, 0.696402878, 0.463311133, 0.134534962, 10.161772557, 
0.400510601, 13.898468520, 0.760065708, 3.241409120, 0.526828337, 0.110936928, 0.991801005, 0.914440588, 1.981735720, 0.301473816, 
2.675978273, 0.262185498, 1.681043243, 9.715729350, 1.102518580, 10.399103139, 85.855855856, 0.276568997, 1.150829427, 0.192840494, 
0.602177823, 1.531922075, 3.120299291, 3.310424605, 0.304560157, 1.398483412, 0.268556322, 0.166601887, 0.694160451, 1.112513808, 
0.607456513, 1.301171253, 0.228271083, 0.420413966, 1.822747032, 0.695824885, 0.493260757, 0.564449270, 3.691388343, 0.883827737, 
0.894029007, 0.651858824, 2.403453689, 0.740892783, 1.421964031, 1.598055105, 1.320612499, 0.711515683, 0.895280050, 3.332632384, 
0.834462922, 0.034702402, 2.398488665, 1.097779192, 0.803620589, 0.320314796, 1.138388626, 0.441550388, 0.477672841, 8.171455636, 
0.298976608, 1.700221095, 2.270234527, 1.413275830, 0.028664917, 0.180721777, 0.361003421, 1.047907959, 0.167531359, 0.283560660, 
0.596286701, 0.992473179, 0.231319004, 0.475604195, 1.690477971, 1.581045820, 4.685561854, 0.428707349, 0.044214487, 2.080500759, 
0.802488114, 0.444922421, 1.046849330, 1.140157956, 0.799736241, 0.643711263, 3.682549505, 3.059802639, 0.439606486, 0.786597417, 
0.647944690, 0.501240164, 1.096925082, 0.761628447, 0.315736665, 0.811113925, 114.177914110, 1.101832994, 0.959082147, 0.290575450, 
0.934197478, 0.484694647, 0.523049140, 0.103999255, 1.006736069, 0.480240710, 0.268183062, 0.398181946, 1.725754162, 1.312005277, 
14.158854167, 243.769911504, 0.608823206, 0.950595819, 7.326042841, 0.484055442, 6.402774073, 1.025565677, 0.981054637, 4.633770239, 
1.590826107, 87.142857143, 0.412731578, 0.918697068, 2.067140539, 0.913740724, 4.953618553, 4.153472035, 0.138682199, 2.412207294, 
0.069518717, 8.440267765, 0.812843947, 2.714591987, 4.788355914, 1.002397602, 0.109322351, 0.954889590, 2.559665978, 0.630699568, 
0.766766103, 0.873383085, 0.582265487, 0.339521251, 0.608846957, 0.755281767, 1.449857955, 0.444229096, 0.851879037, 2.320208533, 
3.999356913, 0.853269997, 2.307882936, 7.541713641, 1.407524324, 1.544201045, 0.662007341, 0.213082787, 1.402611534, 0.126242371, 
11.160198556, 0.939309118, 0.157908018, 2.473178877, 0.207447140, 0.038927888, 1.664997914, 0.648654181, 0.180048662, 52.746621622, 
47.795665635, 0.930692698, 1.217986200, 0.164414337, 0.303631242, 0.000172607, 0.075481677, 0.693477367, 0.439805526, 0.150490540, 
1.431460865, 0.006172438, 3.887583893, 0.350836996, 26.174568966, 9.914127424, 0.617975099, 1.119710939, 1.897526253, 0.792169572, 
1.143295121, 0.765561985, 1.518725573, 0.525075110, 0.680173026, 3.100211929, 1.507396915, 7.655844156, 4.074131274, 1.044648137, 
1.951352693, 0.996802635, 0.372371774, 0.056659453, 2.154729526, 1.000550327, 0.466049921, 3.848741473, 7.632799014, 0.510472279, 
0.101110737, 1.255983205, 2.538304855, 0.905842858, 2.124706985, 0.249073711, 1.841814690, 9.601948052, 0.278749241, 1.441202432, 
6.503801170, 0.290222277, 0.388448871, 0.018353974, 0.555996291, 19.186219739, 17.471502591, 17.080952381, 0.818421834, 2.692769556, 
0.227484021, 1.276933962, 0.855380201, 0.795482483, 0.912003859, 1.348118280, 6.538821789, 1.207604790, 1.036577667, 7.986724387, 
0.972224195, 0.560235705, 0.398249045, 0.312446474, 0.710268889, 1.606373096, 1.105263158, 0.892117069, 0.668417513, 3.101565483, 
0.662112629, 0.360123302, 7.628307300, 0.002241147, 2.084655705, 0.305434159, 2.675269158, 1.433186692, 18.007137193, 16.900625434, 
5.593016600, 0.280041195, 1.031327344, 0.071570771, 0.159422614, 68.708333333, 2.593588741, 1.108039148, 8.463439404, 15.518867925, 
1.570855416, 2.181545741, 3.149640737, 8.775483011, 0.528338349, 3.962137297, 1.334415990, 2.199912626, 0.240501030, 1.063274766, 
0.261076282, 0.384508837, 0.941176471, 2.258285802, 3.131178116, 2.075915473, 0.519962170, 2.467969213, 28.426436782, 0.782808023, 
2.117343824, 1.953198128, 3.510186575, 3.493873914, 1.004315335, 1.421103945, 0.859308586, 2.014383562, 1.770009461, 17.666666667, 
1.736457371, 1.176010531, 2.129717604, 0.548741967, 13.884780739, 3.245956873, 2.331708773, 0.894360637, 0.985598142, 0.586922763, 
0.460500291, 0.671742864, 0.870026235, 0.970981925, 120.225806452, 0.672165512, 0.605017312, 0.775228162, 1.274702852, 5.175690608, 
2.017170272, 42.856923077, 3.216019417, 1.367810003, 0.725792918, 0.501715111, 1.294287167, 2.836272040, 0.545909700, 0.171928425, 
0.702707930, 16.436974790, 1.275309411, 1.470301262, 1.402475517, 5.335644372, 0.696783874, 0.096978315, 4.220578435, 1.722429907, 
0.905075870, 0.917170322, 1.003622132, 0.025625279, 15.789625360, 2.210773481, 0.047743396, 0.119587708, 1.320057582, 1.146467662, 
2.647612511, 0.249753800, 0.806202796, 4.181289040, 0.987367248, 0.204240283, 0.315979326, 0.822393693, 4.191365228, 1.581913202, 
2.054961481, 0.757078527, 14.375162549, 0.186811393, 0.135975185, 2.194606191, 0.514563863, 0.778024417, 0.028204979, 47.910839161, 
1.896992819, 5.488000000, 0.120817216, 0.806339557, 0.273472826, 1.031988327, 0.142058608, 0.471601307, 0.386397296, 0.152296937, 
0.766002376, 1.376949249, 0.468227425, 3.393285038, 0.636323755, 0.048561908, 0.853168859, 1.571086859, 1.192848992, 1.343639246, 
3.513978791, 0.841799355, 0.256718529, 2.228732106, 2.979936432, 20.814953271, 0.674880123, 0.150965825, 0.214556619, 1.768562929, 
0.136768377, 2.191705311, 0.450125453, 0.273469121, 0.071246398, 2.347004857, 3.421589205, 2.693432061, 0.872865365, 1.197490276, 
1.924275434, 1.263491404, 0.687673222, 9.976863753, 0.676401319, 4.150054171, 0.319423678, 0.419483015, 0.785453649, 1.853279243, 
4.359073959, 1.258604876, 0.372947774, 0.936128139, 1.530281944, 1.108797000, 0.996171712, 0.991691721, 2.247170879, 0.589683671, 
0.207786165, 0.343306601, 1.443549064, 0.952287381, 2.885389095, 0.114139403, 0.414614157, 0.891548242, 0.700765964, 1.567010932, 
0.562955903, 0.410995382, 0.324341865, 0.967895197, 0.855136710, 0.274348620, 3.658540894, 0.096265804, 2.907431551, 0.927839016, 
0.619655662, 0.905556940, 2.127085061, 0.003840541, 0.780117033, 0.384905419, 0.768182790, 1.925727196, 0.186132265, 50.595238095, 
1.012304669, 0.290225268, 1.083071789, 0.443112984, 1.290176635, 0.296040360, 26.656765677, 1.011898789, 1.445355703, 1.960426703, 
0.586826347, 1.114916317, 0.272320446, 2.079732037, 0.751930311, 6.711452335, 1.068700803, 1.322521490, 0.894689630, 0.317363285, 
1.368515755, 0.627702093, 1.680835057, 0.604826644, 9.868043985, 0.786655500, 2.912266980, 0.583479952, 2.120921142, 1.709256741, 
1.139830113, 0.914961265, 0.834123379, 0.604301221, 1.231010180, 0.838966801, 0.655449229, 0.201548535, 0.637939876, 0.428336606, 
1.026399155, 11.068493151, 1.120077683, 0.596862584, 0.689837566, 368.636363636, 0.247687660, 0.233185514, 1.459732214, 1.133041492, 
253.927419355, 1.528649567, 0.496436139, 0.701863060, 1.111429185, 0.610337036, 0.925779891, 1.361826841, 4.653195489, 0.304397271, 
0.139285416, 29.755060729, 1.018039896, 1.291007663, 0.566820472, 0.194369973, 0.282935180, 8.014402174, 3.745079772, 0.515855845, 
0.673694520, 0.341229638, 1.124745438, 0.092157860, 2.365548022, 0.869871914, 0.460663727, 2.091691996, 3.040996948, 0.747842621, 
1.575108653, 1.383538516, 1.517317802, 0.936895599, 1.345382027, 0.566446810, 2.811842272, 8.466737064, 0.019674797, 1.277375256, 
0.806839772, 20.256673511, 1.336636934, 1.003649877, 1.525480880, 5.528217300, 1.707156150, 1.282042568, 3.139384649, 0.576170360, 
0.986607691, 0.106816467, 0.409469992, 1.066982949, 0.887699506, 0.849683184, 0.656809538, 21.442677270, 0.439382775, 0.041337985, 
2.311385460, 1.175007284, 0.740097594, 0.589346494, 0.318679820, 51.432870370, 3.274432253, 0.558145301, 2.152992986, 4.666204986, 
0.894069413, 0.956282473, 0.591813530, 5.232627646, 2.054132021, 0.761297044, 1.186261559, 0.732052462, 5.082043344, 1.481237113, 
0.302045653, 0.317600330, 0.724729932, 0.046647139, 0.759386253, 0.412038383, 0.527467121, 0.079586761, 0.944236413, 0.650915879, 
0.229852170, 0.284609435, 0.921993608, 0.579698460, 6.009529665, 0.446751960, 2.304856434, 0.484822695, 0.828793637, 539.169491525, 
2.072504708, 0.526856240, 0.707782865, 1.486998703, 1.276448475, 0.291213440, 8.010364322, 0.215538749, 0.588811460, 0.162834731, 
1.296526656, 0.069851998, 0.893159269, 1.365213582, 21.237988827, 1.846107784, 1.950630654, 1.757408786, 1.010044248, 1.268538162, 
0.348199733, 0.447164179, 1.672399151, 1.047635265, 0.793853970, 0.580376452, 1.795869738, 0.472928054, 0.320787309, 1.833226539, 
0.661877130, 0.411017380, 0.319828510, 0.427055619, 0.594952009, 0.814543532, 0.351540673, 0.621954635, 0.483529528, 1.481797266, 
0.884352753, 3.568450039, 2.828964831, 3.450832948, 7.132573485, 3.249498711, 1.882948658, 1.566739209, 1.164772487, 0.779321323, 
0.926192370, 0.926357506, 0.650630585, 0.791623768, 0.246706149, 0.487109107, 0.338301895, 0.521483893, 2.172636166, 1.105041481, 
0.541625174, 0.359385528, 0.721648517, 0.617846751, 0.928197376, 0.871404077, 0.752639316, 0.352886653, 0.945294212, 3.172655204, 
0.961778133, 1.463187588, 2.338630546, 123.796992481, 2.956669669, 0.378143546, 0.741286205, 0.400445293, 5.262411348, 0.415132530, 
1.638337354, 1.493368049, 1.155911446, 0.008255898, 0.686794058, 1.874300719, 0.720829558, 0.253155184, 0.188610809, 0.095034996, 
6.034193044, 0.065439988, 1.048448885, 0.349076048, 0.848843277, 0.098511815, 0.715466722, 0.196667191, 1.361230295, 0.591932386, 
0.266049874, 0.404435321, 1.092488365, 6.269346131, 1.166311540, 2.430385059, 0.992821907, 0.761813994, 1.239713775, 0.773112849, 
1.136556879, 1.897776718, 1.763958595, 1.546059492, 0.322613879, 0.263786346, 0.839459246, 15.166807077, 2.746183526, 0.776845715, 
0.379560915, 1.029903945, 0.592073348, 2.219610477, 0.548718149, 411.739130435, 0.271485176, 0.829790535, 3.780349668, 1.082599783, 
0.272035963, 3.769046396, 0.829942576, 21.300411523, 0.414933539, 20.475490196, 1.036986640, 0.537955325, 2.764298893, 0.082334637, 
0.503805290, 0.523634819, 2.079272138, 0.775411948, 9.437333333, 0.800660793, 3.802798568, 0.597404055, 3.644852354, 1.087857955, 
0.473092882, 1.488256311, 2.695748112, 0.701959511, 10.859274330, 0.706205993, 0.337194519, 0.399948663, 1.406842489, 0.490608042, 
1.292030049, 0.566746309, 1.143685872, 7.735989011, 26.564772727, 10.683232034, 0.348591072, 0.403118657, 0.426964518, 1.414387427, 
0.273211453, 1.799429365, 1.216443266, 1.851611332, 1.825427873, 0.919014085, 0.796922410, 1.128618114, 0.124524413, 0.766468613, 
0.088164626, 0.730154387, 0.995789151, 0.757594189, 1.365495543, 2.429582327, 0.031718282, 2.770044053, 0.095373237, 0.374574534, 
0.853714286, 0.398324932, 0.035345671, 0.369487962, 13.987821380, 1.184680819, 2.509324759, 0.124937280, 0.761669470, 0.100138440, 
1.023069802, 8.964694345, 0.137880243, 0.284604970, 0.138679568, 4.636680297, 0.006973943, 0.909897845, 1.665828056, 0.140043429, 
0.958306607, 0.072762880, 0.606101546, 0.703618168, 0.857048922, 3.471089198, 1.268174744, 1.181806640, 1.264900662, 1.248238560, 
2.821736185, 2.361857726, 5.368421053, 0.381087975, 1.148415598, 4.485714286, 0.550606796, 0.488771466, 0.522436100, 0.972134723, 
1.216024341, 0.617906178, 2.011330815, 7.836776860, 10.087960688, 0.249056010, 6.829206670, 0.884918080, 0.787416061, 1.979892337, 
1.136880844, 3.175984252, 0.672429287, 0.428571429, 0.164710995, 19.012658228, 1.537976330, 2.122625451, 5.505159829, 0.687938736, 
1.077069671, 11.779600205, 1.207558072, 11.133105802, 4.678606965, 0.018250117, 0.891799119, 1.075818572, 0.771722828, 1.120883203, 
1.026618736, 0.963208806, 4.007548845, 0.412439955, 0.153953095, 1.256790360, 0.101015847, 20.672811060, 1.188538155, 0.393066711, 
0.860479878, 0.626786387, 0.128081557, 2.545703920, 0.649196126, 0.642044246, 3.682009881, 4.387207590, 0.208611403, 0.764509529, 
0.511379058, 7.903546713, 0.093567251, 3.666926434, 0.440200933, 1.279259600, 3.551232621, 0.676047163, 1.915866139, 8.105616606, 
1.581488142, 0.351764018, 38.820093458, 0.495296331, 0.798300247, 1.916882068, 2.480520951, 1.321550388, 5.771734382, 1.493823558, 
2.313292401, 0.516027088, 0.274582798, 1.417044258, 0.130321782, 0.925547959, 1.732325656, 0.254953450, 3.119293240, 0.249703916, 
3.632470588, 1.971681957, 0.587334914, 2.738993711, 0.620918400, 0.899517937, 1.624196170, 1.026260441, 0.590166515, 1.349742242, 
0.594896030, 0.605503689, 121.707792208, 1.971160721, 1.246767438, 0.080971268, 0.228438121, 21.267270668, 0.333952846, 1.100727771, 
8.358682635, 0.157331843, 0.012237762, 0.091714520, 0.292985774, 0.469926101, 3.337606279, 2.157629020, 0.173064495, 6.943085493, 
2.333090512, 1.076285869, 1.111694093, 0.143113006, 0.411633608, 2.348240232, 1.542819375, 0.092916875, 0.747265439, 1.348976695, 
0.342598578, 1.200375521, 0.089939024, 0.136520279, 5.527888446, 1.270383912, 0.282416964, 0.656587877, 2.301772388, 0.931321270, 
0.430046156, 1.090937936, 1.365348176, 0.459477612, 1.119025034, 0.360748927, 3.853372047, 0.742988428, 0.898486739, 0.637318711, 
0.315664002, 1.052311651, 0.784219002, 3.050666228, 1.385977152, 0.702161897, 0.949248400, 0.050860983, 38.299115044, 2.008207400, 
2.823487608, 1.335319393, 0.351182542, 0.870157652, 0.884370640, 0.682684575, 0.729002340, 0.143029499, 0.764310792, 3.184541642, 
3.436609426, 4.050090416, 0.818858817, 2.973960880, 0.116134805, 0.045945267, 0.558969085, 4.764759809, 0.077784583, 0.024405932, 
0.418053245, 1.712209302, 5.352056404, 1.063684291, 4.140600522, 3.422100548, 10.588385995, 5.829394070, 0.166854390, 59.982954545, 
0.398790323, 0.905055264, 1.197180451, 0.550564708, 0.028537541, 0.769571827, 0.405829850, 1.058188187, 0.917233225, 0.143787705, 
0.070097677, 2.718395016, 1.742307343, 0.865829387, 0.891490415, 0.873578179, 0.790763153, 3.123084677, 0.573127229, 3.243978635, 
2.160321821, 0.315971157, 0.751452932, 1.599841814, 0.780399838, 5.073789721, 0.330158926, 1.709759189, 0.692106456, 0.077717659, 
0.638524887, 1.224599861, 0.530914314, 0.998042593, 0.888619855, 0.636871284, 0.982653339, 1.211488040, 0.045319022, 4.892444992, 
9.221584386, 5.288643252, 0.909272146, 0.158974908, 1.019890238, 1.027130757, 7.753345499, 0.210105184, 1.112675273, 1.016461642, 
0.790097836, 1.090921264, 1.061271067, 1.041505383, 39.523584906, 6.477976190, 1.103942181, 1.591957727, 2.570952483, 16.900406504, 
0.925124866, 3.086475758, 0.459482479, 3.437072956, 1.502883922, 1.002227324, 1.926752286, 3.527952681, 0.590325723, 0.123245806, 
0.942204644, 1.043606632, 1.096776930, 7.089192264, 0.991572674, 4.286872783, 1.303023124, 0.182975104, 1.155068430, 0.392196299, 
2.653587260, 5.422295978, 0.331752703, 4.225206612, 1.208531064, 0.433223161, 0.696641209, 0.995607345, 3.765592432, 3.523825848, 
112.779527559, 0.569942423, 1.582527547, 5.891578676, 1.155822489, 1.162194226, 0.073754523, 1.679397157, 0.155307600, 0.967315315, 
0.097888589, 1.228616924, 0.751876300, 1.265313266, 0.403582865, 0.262607577, 0.036408669, 0.349443260, 0.529452945, 1.278374552, 
0.022205676, 5.475778190, 0.864618391, 0.237960816, 1.243747487, 0.201270478, 0.400313620, 0.811009174, 2.687203041, 0.063005681, 
0.191643383, 0.889307403, 1.741850337, 0.344282303, 0.639365041, 0.914178012, 1.131626548, 1.201891574, 0.796309121, 2.074886223, 
2.333604309, 1.109203112, 0.828904075, 1.675955577, 0.137102975, 4.349699081, 2.632753832, 0.908578456, 3.023835717, 14.483204134, 
0.965863118, 1.802843828, 0.509530674, 2.430296109, 7.191608765, 0.125094708, 0.936781209, 1.154485597, 0.868115991, 0.418606742, 
0.019287532, 1.103214890, 1.605104794, 1.799774436, 5.419551935, 0.862412367, 0.216736571, 0.578337980, 0.467733501, 0.801167457, 
0.911034295, 0.371930834, 0.980011167, 1.476153801, 0.006990629, 2.629425287, 0.547657346, 0.837114321, 1.114500442, 0.739576713, 
1.142007808, 0.809400627, 0.884249014, 0.625702097, 0.688974757, 1.935155612, 10.648482782, 0.548813004, 1.244383683, 0.326054141, 
0.854142488, 1.207930795, 1.607164050, 14.541430193, 1.316765437, 0.887251904, 1.706318200, 18.482704403, 2.381307064, 0.824656590, 
6.233488132, 2.074052766, 1.028759885, 0.276378873, 4.664577334, 8.895596913, 0.110839265, 3.221518987, 1.103889405, 0.282839834, 
0.970894205, 0.361653166, 0.478947019, 4.587954365, 0.789184991, 10.411106672, 1.121413373, 1.451385658, 0.400909009, 0.622767939, 
0.825799254, 5.446516447, 0.829277035, 0.482657445, 0.919229233, 0.966922477, 1.406884378, 0.200283918, 0.635884589, 0.164328657, 
1.393778267, 1.099445260, 1.044853783, 1.087447719, 0.234648500, 0.637048912, 0.877604419, 0.753998774, 4.405740011, 0.896889904, 
0.512753807, 0.044311276, 0.806796215, 0.008338553, 0.631162224, 1.045789455, 5.350859951, 2.560231501, 233.083333333, 2.578962536, 
3.070362473, 0.515161275, 1.058436601, 8.708411215, 4.230953649, 0.316671451, 0.119704902, 0.762068169, 0.852367848, 1.093555556, 
2.102330920, 1.251296924, 0.386813280, 2.494623656, 61.200000000, 0.544117647, 0.956624169, 7.956405261, 0.753878265, 0.621405650, 
0.797067101, 6.178375555, 0.570299808, 12.354910714, 2.797699180, 0.936000274, 0.038517876, 0.529113340, 0.331397248, 0.032847098, 
83.265822785, 6.765707710, 0.992430493, 2.083432557, 1.595613774, 28.255932203, 2.106484969, 1.020702039, 0.054731780, 1.012329915, 
2.072663867, 1.788955823, 0.513495277, 0.886446460, 6.275611779, 1.235870841, 0.191004977, 0.147024952, 2.175773890, 0.243529196, 
1.053716275, 1.195873899, 0.264466594, 0.512511519, 1.295571510, 4.259085423, 3.722344093, 0.880018327, 1.056182096, 0.474540943, 
0.203989163, 4.537174721, 1.254734014, 0.954986579, 0.818872778, 1.027840588, 1.262222534, 1.606691816, 0.219736842, 1.759223797, 
0.126472930, 0.534138786, 3.849546828, 0.271016475, 0.157834179, 3.583346729, 0.286569025, 6.110196616, 3.106990729, 0.302949419, 
1.649475198, 0.392068887, 2.892554012, 1.290793710, 0.461746604, 1.494951923, 0.738098010, 1.474074074, 8.780487805, 0.880297493, 
6.737757275, 1.872705743, 3.981121281, 0.350307632, 0.905553433, 1.407514257, 0.740919176, 0.354880733, 0.455185296, 1.261309741, 
2.608049597, 0.751309969, 0.680898518, 5.445357232, 0.326638342, 6.929155313, 0.627779322, 3.417393877, 1.419453507, 1.155467769, 
0.634629708, 1.048415956, 0.522789844, 2.733467703, 0.925220181, 3.896733617, 0.990634006, 1.119361201, 3.518181818, 1.955005147, 
0.783763838, 0.342509074, 1.405446692, 0.147461880, 0.603198008, 0.602044316, 0.899788061, 0.781821169, 0.771777395, 5.873404622, 
0.081897508, 0.341135365, 1.381421773, 2.521967963, 0.753887835, 4.372294372, 4.426759670, 0.335771036, 0.043111626, 0.488779321, 
0.051816958, 4.249772603, 49.602540835, 1.576324349, 1.258403203, 2.715778778, 1.244657123, 1.045449579, 1.630263267, 2.306767302, 
1.999737015, 0.802246746, 1.587320445, 6.402380407, 0.362504812, 3.506926629, 1.041808771, 0.468353352, 25.404522613, 10.134950249, 
1.948573597, 0.609515645, 2.944444444, 17.985234899, 0.719881132, 0.688349682, 1.942614670, 0.887486016, 0.253298804, 1.453428377, 
6.829531813, 0.834190620, 2.308378500, 0.347657213, 4.003795547, 0.822929886, 0.274708321, 0.112662306, 55.653846154, 1.051142435, 
0.499922684, 0.072230310, 1.521563342, 0.076303318, 0.000602954, 0.713687087, 1.083539478, 0.554193491, 0.084455283, 6.571555819, 
0.613960342, 1.027114772, 0.902516619, 5.478099174, 1.083083900, 2.447058824, 0.781248048, 0.756293873, 0.407190843, 10.114375000, 
0.817524709, 0.543854325, 3.606163415, 0.027754910, 8.615839243, 0.728312134, 1.873610977, 0.327540579, 3.334825234, 0.339470123, 
0.266701579, 0.788082731, 2.780392157, 1.180014970, 2.387594836, 1.292154255, 0.701629116, 9.120000000, 0.271685659, 0.950170188, 
2.053755642, 5.386200287, 1.507290640, 6.276801938, 0.045643765, 1.598638703, 0.062274467, 5.593406593, 5.855509127, 0.819333517, 
2.460984247, 2.232154160, 0.103715802, 0.955555556, 0.139270728, 0.887026161, 0.807803798, 0.802833096, 1.358021460, 9.362285048]
